[gd_scene load_steps=8 format=3 uid="uid://ilgdnkqcu3q1"]

[ext_resource type="PackedScene" uid="uid://d0py50h4lucdc" path="res://scenes/red_sky.tscn" id="1_sy1l0"]
[ext_resource type="Material" uid="uid://x65dxkrw0mrr" path="res://materials/breakable.tres" id="2_64bp8"]
[ext_resource type="Material" path="res://materials/unbreakable.tres" id="3_lh831"]
[ext_resource type="PackedScene" uid="uid://bjqcqg24t4o3" path="res://scenes/fps_player.tscn" id="3_rbw2y"]
[ext_resource type="PackedScene" uid="uid://cs85a4naor6kv" path="res://scenes/finish_gate.tscn" id="4_0sn43"]
[ext_resource type="PackedScene" uid="uid://cv72iacha7mej" path="res://scenes/music_updater.tscn" id="6_raj8b"]
[ext_resource type="AudioStream" uid="uid://dv6tm03g5h3an" path="res://songs/sonic_colors.wav" id="7_dqkm0"]

[node name="LevelMidairBlast" type="Node3D"]

[node name="RedSky" parent="." instance=ExtResource("1_sy1l0")]

[node name="Breakable" type="CSGCombiner3D" parent="."]
material_override = ExtResource("2_64bp8")
use_collision = true

[node name="CSGBox3D11" type="CSGBox3D" parent="Breakable"]
transform = Transform3D(1, 0, 0, 0, 1, 0, 0, 0, 1, 37, -11, 10.6133)
size = Vector3(15, 7, 0.226563)

[node name="CSGBox3D12" type="CSGBox3D" parent="Breakable"]
transform = Transform3D(1, 0, 0, 0, 1, 0, 0, 0, 1, 15.3733, -18, 33.5)
size = Vector3(0.253418, 7, 8)

[node name="CSGBox3D14" type="CSGBox3D" parent="Breakable"]
transform = Transform3D(-4.37114e-08, 0, -1, 0, 1, 0, 1, 0, -4.37114e-08, -5.62671, -23, 18.5)
size = Vector3(0.253418, 7, 8)

[node name="CSGBox3D15" type="CSGBox3D" parent="Breakable"]
transform = Transform3D(-4.37114e-08, 0, -1, 0, 1, 0, 1, 0, -4.37114e-08, -7.12671, -27, 11.5)
size = Vector3(0.253418, 7, 11)

[node name="CSGBox3D16" type="CSGBox3D" parent="Breakable"]
transform = Transform3D(-4.37114e-08, 0, -1, 0, 1, 0, 1, 0, -4.37114e-08, -8.62671, -33, 8.5)
size = Vector3(0.253418, 7, 14)

[node name="CSGBox3D10" type="CSGBox3D" parent="Breakable"]
transform = Transform3D(1, 0, 0, 0, 1, 0, 0, 0, 1, 29, -27, 24.5)
size = Vector3(17, 11, 20)

[node name="CSGBox3D13" type="CSGBox3D" parent="Breakable"]
transform = Transform3D(1, 0, 0, 0, 1, 0, 0, 0, 1, 0.5, -31.5, 29)
size = Vector3(16, 10, 11)

[node name="CSGBox3D17" type="CSGBox3D" parent="Breakable"]
transform = Transform3D(1, 0, 0, 0, 1, 0, 0, 0, 1, -10, -44.5, -10.5)
size = Vector3(37, 10, 36)

[node name="CSGBox3D23" type="CSGBox3D" parent="Breakable"]
transform = Transform3D(0.866025, 0, 0.5, 0, 1, 0, -0.5, 0, 0.866025, -36.5, -44.5, -45)
size = Vector3(16, 10, 13)

[node name="CSGBox3D24" type="CSGBox3D" parent="Breakable"]
transform = Transform3D(0.866025, 0, 0.5, 0, 1, 0, -0.5, 0, 0.866025, -43.067, -39.8718, -56.25)
size = Vector3(3, 0.743652, 13)

[node name="CSGBox3D30" type="CSGBox3D" parent="Breakable"]
transform = Transform3D(0.5, 0, 0.866025, 0, 1, 0, -0.866025, 0, 0.5, -71.567, -75.7437, -86.25)
size = Vector3(8, 3, 8)

[node name="CSGBox3D2" type="CSGBox3D" parent="Breakable"]
transform = Transform3D(0.707107, 0, -0.707107, 0, 1, 0, 0.707107, 0, 0.707107, 28.6464, 3, -1.85355)
size = Vector3(6, 7, 6)

[node name="CSGBox3D4" type="CSGBox3D" parent="Breakable"]
transform = Transform3D(-0.965926, 0, 0.258819, 0, 1, 0, -0.258819, 0, -0.965926, 9.29289, 4, 28.7929)
size = Vector3(6, 9, 5)

[node name="CSGBox3D18" type="CSGBox3D" parent="Breakable"]
transform = Transform3D(-1, 0, -4.47035e-08, 0, 1, 0, 4.47035e-08, 0, -1, 19.2929, 8, 28.7929)
size = Vector3(6, 17, 5)

[node name="CSGBox3D19" type="CSGBox3D" parent="Breakable"]
transform = Transform3D(-0.5, 0, 0.866025, 0, 1, 0, -0.866025, 0, -0.5, 0.609877, 5, 22.6099)
size = Vector3(5, 11, 6)

[node name="CSGBox3D20" type="CSGBox3D" parent="Breakable"]
transform = Transform3D(-0.866025, 0, 0.5, 0, 1, 0, -0.5, 0, -0.866025, -2.82314, 7.5, 3.35989)
size = Vector3(4, 16, 6)

[node name="CSGBox3D5" type="CSGBox3D" parent="Breakable"]
transform = Transform3D(-0.965926, 0, 0.258819, 0, 1, 0, -0.258819, 0, -0.965926, -0.673033, 6.5, 14.5341)
size = Vector3(4, 14, 5)

[node name="CSGBox3D6" type="CSGBox3D" parent="Breakable"]
transform = Transform3D(-0.5, 0, 0.866026, 0, 1, 0, -0.866026, 0, -0.5, 3.82697, 6.5, -1.33195)
size = Vector3(6, 14, 5)

[node name="CSGBox3D21" type="CSGBox3D" parent="Breakable"]
transform = Transform3D(-1, 0, 2.38419e-07, 0, 1, 0, -2.38419e-07, 0, -1, 17.327, 7.5, -5.83195)
size = Vector3(9, 16, 4)

[node name="CSGBox3D22" type="CSGBox3D" parent="Breakable"]
transform = Transform3D(0.866025, 0, 0.5, 0, 1, 0, -0.5, 0, 0.866025, -30.777, -33.5, -34.4469)
size = Vector3(10, 6, 0.321777)

[node name="CSGBox3D25" type="CSGBox3D" parent="Breakable"]
transform = Transform3D(0.866025, 0, 0.5, 0, 1, 0, -0.5, 0, 0.866025, -49.344, -35.5, -66.6969)
size = Vector3(9, 6, 0.321777)

[node name="CSGBox3D26" type="CSGBox3D" parent="Breakable"]
transform = Transform3D(0.866025, 0, 0.5, 0, 1, 0, -0.5, 0, 0.866025, -52.344, -39.5, -72.6969)
size = Vector3(9, 6, 0.321777)

[node name="CSGBox3D27" type="CSGBox3D" parent="Breakable"]
transform = Transform3D(0.5, 0, 0.866025, 0, 1, 0, -0.866025, 0, 0.5, -57.344, -50.5, -77.6969)
size = Vector3(9, 6, 0.321777)

[node name="CSGBox3D28" type="CSGBox3D" parent="Breakable"]
transform = Transform3D(0.5, 0, 0.866025, 0, 1, 0, -0.866025, 0, 0.5, -61.344, -57.5, -80.6969)
size = Vector3(9, 6, 0.321777)

[node name="CSGBox3D29" type="CSGBox3D" parent="Breakable"]
transform = Transform3D(0.5, 0, 0.866025, 0, 1, 0, -0.866025, 0, 0.5, -66.344, -65.5, -82.6969)
size = Vector3(9, 6, 0.321777)

[node name="CSGBox3D3" type="CSGBox3D" parent="Breakable"]
transform = Transform3D(-0.707107, 0, -0.707107, 0, 1, 0, 0.707107, 0, -0.707107, 28.2929, 4, 26.7929)
size = Vector3(6, 9, 5)

[node name="Unbreakable" type="CSGCombiner3D" parent="."]
material_override = ExtResource("3_lh831")
use_collision = true

[node name="CSGBox3D" type="CSGBox3D" parent="Unbreakable"]
transform = Transform3D(1, 0, 0, 0, 1, 0, 0, 0, 1, 13.5, -24, 13.5)
size = Vector3(32, 47, 32)

[node name="CSGBox3D8" type="CSGBox3D" parent="Unbreakable"]
transform = Transform3D(1, 0, 0, 0, 1, 0, 0, 0, 1, 23.5, -2, 11.5)
size = Vector3(56, 3, 42)

[node name="CSGBox3D10" type="CSGBox3D" parent="Unbreakable"]
transform = Transform3D(1, 0, 0, 0, 1, 0, 0, 0, 1, 23.5, 7, 34)
size = Vector3(56, 21, 3)

[node name="CSGBox3D11" type="CSGBox3D" parent="Unbreakable"]
transform = Transform3D(1, 0, 0, 0, 1, 0, 0, 0, 1, 23.5, 7, -11)
size = Vector3(56, 21, 3)

[node name="CSGBox3D12" type="CSGBox3D" parent="Unbreakable"]
transform = Transform3D(-4.37114e-08, 0, -1, 0, 1, 0, 1, 0, -4.37114e-08, -5.5, 7, 11.5)
size = Vector3(49, 21, 3)

[node name="CSGBox3D14" type="CSGBox3D" parent="Unbreakable"]
transform = Transform3D(-0.5, 0, 0.866025, 0, 1, 0, -0.866025, 0, -0.5, -35.4469, -31, -31.9469)
size = Vector3(20, 21, 0.321777)

[node name="CSGBox3D16" type="CSGBox3D" parent="Unbreakable"]
transform = Transform3D(-0.5, 0, 0.866025, 0, 1, 0, -0.866025, 0, -0.5, -53.4469, -40, -65.9469)
size = Vector3(20, 21, 0.321777)

[node name="CSGBox3D17" type="CSGBox3D" parent="Unbreakable"]
transform = Transform3D(-0.866025, 0, 0.5, 0, 1, 0, -0.5, 0, -0.866025, -61.1789, -57, -83.9469)
size = Vector3(24, 21, 0.321777)

[node name="CSGBox3D19" type="CSGBox3D" parent="Unbreakable"]
transform = Transform3D(-0.866025, 0, 0.5, 0, 1, 0, -0.5, 0, -0.866025, -66.4469, -57, -78.9469)
size = Vector3(20, 21, 0.321777)

[node name="CSGBox3D18" type="CSGBox3D" parent="Unbreakable"]
transform = Transform3D(-0.5, 0, 0.866025, 0, 1, 0, -0.866025, 0, -0.5, -46.4469, -40, -69.9469)
size = Vector3(20, 21, 0.321777)

[node name="CSGBox3D15" type="CSGBox3D" parent="Unbreakable"]
transform = Transform3D(-0.5, 0, 0.866025, 0, 1, 0, -0.866025, 0, -0.5, -26.4469, -31, -36.9469)
size = Vector3(20, 21, 0.321777)

[node name="CSGBox3D7" type="CSGBox3D" parent="Unbreakable"]
transform = Transform3D(0.866025, 0, -0.5, 0, 1, 0, 0.5, 0, 0.866025, 62, -11.5, 9)
size = Vector3(7, 2, 3)

[node name="CSGBox3D13" type="CSGBox3D" parent="Unbreakable"]
transform = Transform3D(0.707107, -0.707107, 0, 0.707107, 0.707107, 0, 0, 0, 1, 73.7443, -3.58579, 10)
size = Vector3(23, 2, 7)

[node name="CSGBox3D9" type="CSGBox3D" parent="Unbreakable"]
transform = Transform3D(1, 0, 0, 0, 1, 0, 0, 0, 1, 39, -19.5, 2)
size = Vector3(19, 10, 7)

[node name="DirectionalLight3D" type="DirectionalLight3D" parent="."]
transform = Transform3D(1, 0, 0, 0, 0.258819, 0.965926, 0, -0.965926, 0.258819, 0, 0, 0)
shadow_enabled = true

[node name="player" parent="." node_paths=PackedStringArray("breakable", "unbreakable") instance=ExtResource("3_rbw2y")]
transform = Transform3D(-4.37114e-08, 0, -1, 0, 1, 0, 1, 0, -4.37114e-08, 20, 1, 13)
MAX_SPEED = 20.0
breakable = NodePath("../Breakable")
unbreakable = NodePath("../Unbreakable")
number_of_shots = 30
kill_plane_y = -150.0
jump_speed = [7.0, 7.0, 7.0, 7.0, 7.0]
move_speed = [12.0, 12.0, 12.0, 12.0, 12.0]
friction_air = 1.0
gravity_multiplier = 0.8

[node name="finish_gate" parent="." node_paths=PackedStringArray("player") instance=ExtResource("4_0sn43")]
transform = Transform3D(0.5, 0, 0.866025, 0, 1, 0, -0.866025, 0, 0.5, -74.3012, -74.2437, -87.8004)
player = NodePath("../player")
rank_times = Array[float]([36.0, 30.0, 24.0, 19.03])
lvl_id = 3

[node name="MusicUpdater" parent="." instance=ExtResource("6_raj8b")]
music = ExtResource("7_dqkm0")
