[gd_scene load_steps=8 format=3 uid="uid://c72cv1xp4fjm6"]

[ext_resource type="PackedScene" uid="uid://d0py50h4lucdc" path="res://scenes/red_sky.tscn" id="1_8yyup"]
[ext_resource type="Shader" path="res://shaders/LUCA.gdshader" id="2_8dok2"]

[sub_resource type="CameraAttributesPractical" id="CameraAttributesPractical_vi8t5"]
dof_blur_far_enabled = true
dof_blur_near_enabled = true

[sub_resource type="ShaderMaterial" id="ShaderMaterial_fl1ff"]
render_priority = 0
shader = ExtResource("2_8dok2")
shader_parameter/shadow_color = Color(0, 0, 0, 1)
shader_parameter/shadow_thickness = 2.0
shader_parameter/truc = false

[sub_resource type="QuadMesh" id="QuadMesh_4wqp4"]

[sub_resource type="Animation" id="Animation_0boj6"]
resource_name = "rotate"
length = 20.0
loop_mode = 1
tracks/0/type = "rotation_3d"
tracks/0/imported = false
tracks/0/enabled = true
tracks/0/path = NodePath("Camera3D")
tracks/0/interp = 1
tracks/0/loop_wrap = true
tracks/0/keys = PackedFloat32Array(0, 1, 0, 0, 0, 1, 10, 1, 0, 1, 0, -4.37114e-08, 19.9, 1, 0, 1.19209e-07, 0, 1)

[sub_resource type="AnimationLibrary" id="AnimationLibrary_epps1"]
_data = {
"rotate": SubResource("Animation_0boj6")
}

[node name="LevelCarveJump" type="Node3D"]

[node name="RedSky" parent="." instance=ExtResource("1_8yyup")]
camera_attributes = SubResource("CameraAttributesPractical_vi8t5")

[node name="Breakable" type="CSGCombiner3D" parent="."]
use_collision = true

[node name="CSGBox3D4" type="CSGBox3D" parent="Breakable"]
transform = Transform3D(1, 0, 0, 0, 1, 0, 0, 0, 1, -0.5, 2, -17)
size = Vector3(6, 11, 3)

[node name="CSGBox3D5" type="CSGBox3D" parent="Breakable"]
transform = Transform3D(-0.707107, 0, -0.707107, 0, 1, 0, 0.707107, 0, -0.707107, 46.2803, -6.5, -35.6161)
size = Vector3(4, 20, 3)

[node name="CSGBox3D7" type="CSGBox3D" parent="Breakable"]
transform = Transform3D(0.707107, 0, -0.707107, 0, 1, 0, 0.707107, 0, 0.707107, 7.63388, 2.5, -30.7374)
size = Vector3(4, 6, 3)

[node name="CSGBox3D10" type="CSGBox3D" parent="Breakable"]
transform = Transform3D(0.707107, 0, -0.707107, 0, 1, 0, 0.707107, 0, 0.707107, 7.34099, 3.5, -37.1517)
size = Vector3(3, 8, 6)

[node name="CSGBox3D8" type="CSGBox3D" parent="Breakable"]
transform = Transform3D(0.707107, 0, -0.707107, 0, 1, 0, 0.707107, 0, 0.707107, 17.6339, 1, -20.7374)
size = Vector3(4, 3, 3)

[node name="CSGBox3D9" type="CSGBox3D" parent="Breakable"]
transform = Transform3D(0.707107, 0, -0.707107, 0, 1, 0, 0.707107, 0, 0.707107, 18.2803, 1.5, -23.3839)
size = Vector3(4, 4, 2)

[node name="CSGBox3D11" type="CSGBox3D" parent="Breakable"]
transform = Transform3D(0.707107, 0, -0.707107, 0, 1, 0, 0.707107, 0, 0.707107, 24.4623, 4.5, -30.0303)
size = Vector3(9, 10, 6)

[node name="CSGBox3D12" type="CSGBox3D" parent="Breakable"]
transform = Transform3D(0.707107, 0, -0.707107, 0, 1, 0, 0.707107, 0, 0.707107, 25.4017, 3, -51.091)
size = Vector3(6, 7, 6)

[node name="CSGBox3D13" type="CSGBox3D" parent="Breakable"]
transform = Transform3D(0.707107, 0, -0.707107, 0, 1, 0, 0.707107, 0, 0.707107, 32.0481, 2, -36.0303)
size = Vector3(5, 17, 4)

[node name="CSGBox3D6" type="CSGBox3D" parent="Breakable"]
transform = Transform3D(0, 0, -1, 0, 1, 0, 1, 0, 0, 65.8964, -15, -31.1036)
size = Vector3(3, 19, 3)

[node name="CSGBox3D14" type="CSGBox3D" parent="Breakable"]
transform = Transform3D(1, 0, 4.37114e-08, 0, 1, 0, -4.37114e-08, 0, 1, 89.3964, -28, -85.6036)
size = Vector3(3, 31, 5)

[node name="CSGBox3D15" type="CSGBox3D" parent="Breakable"]
transform = Transform3D(1, 0, 4.37114e-08, 0, 1, 0, -4.37114e-08, 0, 1, 89.3964, -44.5, -110.604)
size = Vector3(3, 42, 5)

[node name="CSGBox3D16" type="CSGBox3D" parent="Breakable"]
transform = Transform3D(1, 0, 4.37114e-08, 0, 1, 0, -4.37114e-08, 0, 1, 89.3964, -50.5, -137.604)
size = Vector3(3, 52, 5)

[node name="CSGBox3D17" type="CSGBox3D" parent="Breakable"]
transform = Transform3D(1, 0, 4.37114e-08, 0, 1, 0, -4.37114e-08, 0, 1, 88.8964, -83.5, -160.104)
size = Vector3(6, 12, 6)

[node name="CSGBox3D22" type="CSGBox3D" parent="Breakable"]
transform = Transform3D(1, 0, 4.37114e-08, 0, 1, 0, -4.37114e-08, 0, 1, 88.8964, -41.5, -98.1036)
size = Vector3(6, 2, 6)

[node name="CSGBox3D23" type="CSGBox3D" parent="Breakable"]
transform = Transform3D(1, 0, 4.37114e-08, 0, 1, 0, -4.37114e-08, 0, 1, 88.8964, -51.5, -124.104)
size = Vector3(6, 2, 6)

[node name="CSGBox3D18" type="CSGBox3D" parent="Breakable"]
transform = Transform3D(1, 0, 4.37114e-08, 0, 1, 0, -4.37114e-08, 0, 1, 103.896, -89, -168.104)
size = Vector3(6, 17, 6)

[node name="CSGBox3D19" type="CSGBox3D" parent="Breakable"]
transform = Transform3D(1, 0, 4.37114e-08, 0, 1, 0, -4.37114e-08, 0, 1, 100.896, -90, -184.104)
size = Vector3(6, 15, 6)

[node name="CSGBox3D20" type="CSGBox3D" parent="Breakable"]
transform = Transform3D(1, 0, 4.37114e-08, 0, 1, 0, -4.37114e-08, 0, 1, 87.8964, -89, -189.104)
size = Vector3(6, 11, 6)

[node name="CSGBox3D21" type="CSGBox3D" parent="Breakable"]
transform = Transform3D(1, 0, 4.37114e-08, 0, 1, 0, -4.37114e-08, 0, 1, 82.8964, -95.5, -207.104)
size = Vector3(8, 12, 8)

[node name="Unbreakable" type="CSGCombiner3D" parent="."]
use_collision = true

[node name="CSGBox3D" type="CSGBox3D" parent="Unbreakable"]
transform = Transform3D(1, 0, 0, 0, 1, 0, 0, 0, 1, 0, 2, 0)
size = Vector3(3, 1, 3)

[node name="CSGBox3D2" type="CSGBox3D" parent="Unbreakable"]
transform = Transform3D(1, 0, 0, 0, 1, 0, 0, 0, 1, 0, 2, -6)
size = Vector3(1, 1, 9)

[node name="CSGBox3D4" type="CSGBox3D" parent="Unbreakable"]
transform = Transform3D(0.707107, 0, -0.707107, 0, 1, 0, 0.707107, 0, 0.707107, 7, -1, -23)
size = Vector3(1, 1, 9)

[node name="CSGBox3D8" type="CSGBox3D" parent="Unbreakable"]
transform = Transform3D(0.707107, 0, -0.707107, 0, 1, 0, 0.707107, 0, 0.707107, 19.7175, -1, -36.4246)
size = Vector3(18, 1, 29)

[node name="CSGBox3D6" type="CSGBox3D" parent="Unbreakable"]
transform = Transform3D(0, 0, -1, 0, 1, 0, 1, 0, 0, 54, -10, -31)
size = Vector3(1, 1, 9)

[node name="CSGBox3D9" type="CSGBox3D" parent="Unbreakable"]
transform = Transform3D(0.707107, 0.183013, -0.683013, 0, 0.965926, 0.258819, 0.707107, -0.183013, 0.683013, 87.3922, -27.4941, -52.0491)
size = Vector3(27, 1, 36)

[node name="CSGBox3D3" type="CSGBox3D" parent="Unbreakable"]
transform = Transform3D(1, 0, 0, 0, 1, 0, 0, 0, 1, -2, 4.5, -14)
size = Vector3(3, 6, 3)

[node name="CSGBox3D5" type="CSGBox3D" parent="Unbreakable"]
transform = Transform3D(-0.707107, 0, -0.707107, 0, 1, 0, 0.707107, 0, -0.707107, 44.5126, 0, -38.091)
size = Vector3(3, 7, 3)

[node name="CSGBox3D7" type="CSGBox3D" parent="Unbreakable"]
transform = Transform3D(0, 0, -1, 0, 1, 0, 1, 0, 0, 62.8964, -8.5, -31.1036)
size = Vector3(3, 6, 3)

[node name="CSGBox3D16" type="CSGBox3D" parent="Unbreakable"]
transform = Transform3D(1, 0, 4.37114e-08, 0, 1, 0, -4.37114e-08, 0, 1, 87.3964, -27, -81.6036)
size = Vector3(7, 7, 3)

[node name="CSGBox3D18" type="CSGBox3D" parent="Unbreakable"]
transform = Transform3D(1, 0, 4.37114e-08, 0, 1, 0, -4.37114e-08, 0, 1, 90.8964, -44, -106.604)
size = Vector3(6, 19, 3)

[node name="CSGBox3D19" type="CSGBox3D" parent="Unbreakable"]
transform = Transform3D(1, 0, 4.37114e-08, 0, 1, 0, -4.37114e-08, 0, 1, 87.8964, -43.5, -133.604)
size = Vector3(6, 26, 3)

[node name="CSGBox3D17" type="CSGBox3D" parent="Unbreakable"]
transform = Transform3D(1, 0, 4.37114e-08, 0, 1, 0, -4.37114e-08, 0, 1, 89.8964, -32, -75.1036)
size = Vector3(2, 1, 4)

[node name="CSGBox3D10" type="CSGBox3D" parent="Unbreakable"]
transform = Transform3D(0.707107, 0, -0.707107, 0, 1, 0, 0.707107, 0, 0.707107, 73.9393, -22.8504, -34.9393)
size = Vector3(1, 1, 10)

[node name="CSGBox3D11" type="CSGBox3D" parent="Unbreakable"]
transform = Transform3D(0.707107, 0, -0.707107, 0, 1, 0, 0.707107, 0, 0.707107, 75, -23, -45.2929)
size = Vector3(2, 3, 3)

[node name="CSGBox3D12" type="CSGBox3D" parent="Unbreakable"]
transform = Transform3D(0.707107, 0, -0.707107, 0, 1, 0, 0.707107, 0, 0.707107, 82.6464, -23.5, -43.9393)
size = Vector3(2, 4, 2)

[node name="CSGBox3D13" type="CSGBox3D" parent="Unbreakable"]
transform = Transform3D(0.707107, 0, -0.707107, 0, 1, 0, 0.707107, 0, 0.707107, 78.6464, -24, -53.9393)
size = Vector3(2, 5, 2)

[node name="CSGBox3D14" type="CSGBox3D" parent="Unbreakable"]
transform = Transform3D(0.707107, 0, -0.707107, 0, 1, 0, 0.707107, 0, 0.707107, 93, -24.5, -48.5858)
size = Vector3(3, 6, 2)

[node name="CSGBox3D15" type="CSGBox3D" parent="Unbreakable"]
transform = Transform3D(0.707107, 0, -0.707107, 0, 1, 0, 0.707107, 0, 0.707107, 90, -25.5, -57.5858)
size = Vector3(3, 8, 2)

[node name="quad de shader" type="MeshInstance3D" parent="."]
transform = Transform3D(1.07713, 0, 0, 0, 1.04222, 0, 0, 0, 1.06053, 43.0119, -9, -42.3539)
visible = false
layers = 2
material_override = SubResource("ShaderMaterial_fl1ff")
cast_shadow = 0
mesh = SubResource("QuadMesh_4wqp4")

[node name="Camera3D" type="Camera3D" parent="."]
transform = Transform3D(0.205717, 0, -0.978612, 0, 1, 0, 0.978612, 0, 0.205717, 43, -9, -42)

[node name="DirectionalLight3D" type="DirectionalLight3D" parent="."]
transform = Transform3D(1, 0, 0, 0, -0.5, 0.866025, 0, -0.866025, -0.5, 0, 0, 0)
shadow_enabled = true

[node name="AnimationPlayer" type="AnimationPlayer" parent="."]
libraries = {
"": SubResource("AnimationLibrary_epps1")
}
autoplay = "rotate"
