[gd_scene load_steps=5 format=3 uid="uid://cnfl6dqqxuu3s"]

[ext_resource type="PackedScene" uid="uid://bjqcqg24t4o3" path="res://scenes/fps_player.tscn" id="1_73wpq"]
[ext_resource type="PackedScene" path="res://scenes/switch.tscn" id="2_ubrp4"]

[sub_resource type="SphereMesh" id="SphereMesh_mepwx"]
radius = 0.2
height = 0.4

[sub_resource type="SphereShape3D" id="SphereShape3D_koq64"]
radius = 0.2

[node name="Level4" type="Node3D"]

[node name="Breakable" type="CSGCombiner3D" parent="."]
use_collision = true

[node name="CSGBox3D" type="CSGBox3D" parent="Breakable"]
size = Vector3(5, 1, 5)

[node name="CSGBox3D3" type="CSGBox3D" parent="Breakable"]
transform = Transform3D(1, 0, 0, 0, 1, 0, 0, 0, 1, -3, 0, 9)
size = Vector3(11, 1, 5)

[node name="CSGBox3D4" type="CSGBox3D" parent="Breakable"]
transform = Transform3D(1, 0, 0, 0, 1, 0, 0, 0, 1, -2.94524, -1, 13.4958)
size = Vector3(1.7493, 1, 1.89862)

[node name="CSGBox3D5" type="CSGBox3D" parent="Breakable"]
transform = Transform3D(1, 0, 0, 0, 1, 0, 0, 0, 1, -2.79624, -1, 13.2374)
operation = 2
size = Vector3(1.45131, 1, 1.38193)

[node name="CSGBox3D2" type="CSGBox3D" parent="Breakable"]
transform = Transform3D(1, 0, 0, 0, 1, 0, 0, 0, 1, -3, 3.53518, -0.366943)
size = Vector3(1, 1, 0.266113)

[node name="Unbreakable" type="CSGCombiner3D" parent="."]
use_collision = true

[node name="CSGBox3D" type="CSGBox3D" parent="Unbreakable"]
transform = Transform3D(1, 0, 0, 0, 1, 0, 0, 0, 1, -5, 2, 0)
size = Vector3(5, 5, 5)

[node name="CSGBox3D2" type="CSGBox3D" parent="Unbreakable"]
transform = Transform3D(0.707107, 0.707107, 0, -0.701709, 0.701709, 0.123324, 0.0872035, -0.0872035, 0.992366, -2.91136, 4.99885, -0.0144878)
operation = 2
size = Vector3(2.11304, 2.52637, 7)

[node name="CSGBox3D3" type="CSGBox3D" parent="Unbreakable"]
transform = Transform3D(2.4, 0, 0, 0, 1, 0, 0, 0, 2.4, -3, 0, -4)

[node name="CSGBox3D4" type="CSGBox3D" parent="Unbreakable"]
transform = Transform3D(2.51818, 0, 0, 0, 1.04924, 0, 0, 0, 2.51818, -3.12036, -0.171315, -4.01557)
operation = 2
size = Vector3(0.79398, 1.323, 0.805969)

[node name="CSGBox3D5" type="CSGBox3D" parent="Unbreakable"]
transform = Transform3D(1, 0, 0, 0, 1, 0, 0, 0, 1, -0.5, 1, 4.5)
size = Vector3(2, 1, 2)

[node name="CSGBox3D6" type="CSGBox3D" parent="Unbreakable"]
transform = Transform3D(1, 0, 0, 0, 1, 0, 0, 0, 1, -3.5, 2, 4.5)
size = Vector3(2, 1, 2)

[node name="CSGBox3D7" type="CSGBox3D" parent="Unbreakable"]
transform = Transform3D(0.965926, -0.258819, 0, 0.258819, 0.965926, 0, 0, 0, 1, 0, 0, 13.5)
size = Vector3(5, 1, 2)

[node name="CSGBox3D8" type="CSGBox3D" parent="Unbreakable"]
transform = Transform3D(0.973723, -0.171021, 0.150384, 0.227668, 0.714851, -0.661178, 0.00557368, 0.678042, 0.735002, -0.256239, 1.04661, 13.5111)
operation = 2
size = Vector3(5.23535, 1.81934, 1.95215)

[node name="CSGBox3D9" type="CSGBox3D" parent="Unbreakable"]
transform = Transform3D(-4.2222e-08, 1.13133e-08, 1, 0.258819, 0.965926, 0, -0.965926, 0.258819, -4.37114e-08, -3.13368, -2, 16.7607)
size = Vector3(5, 1, 2)

[node name="CSGBox3D10" type="CSGBox3D" parent="Unbreakable"]
transform = Transform3D(0.00557363, 0.678042, 0.735002, 0.227668, 0.714851, -0.661178, -0.973723, 0.171021, -0.150384, -3.12256, -0.95339, 17.0169)
operation = 2
size = Vector3(5.23535, 1.81934, 1.95215)

[node name="CSGBox3D11" type="CSGBox3D" parent="Unbreakable"]
transform = Transform3D(0.965926, -0.258819, 0, 0.258819, 0.965926, 8.88178e-16, -7.10543e-15, 8.88178e-16, 1, -6.32268, -2, 13.5)
size = Vector3(5, 1, 2)

[node name="CSGBox3D12" type="CSGBox3D" parent="Unbreakable"]
transform = Transform3D(0.973723, -0.171021, 0.150384, 0.227668, 0.714851, -0.661178, 0.00557368, 0.678042, 0.735002, -6.57892, -0.95339, 13.5111)
operation = 2
size = Vector3(5.23535, 1.81934, 1.95215)

[node name="CSGBox3D13" type="CSGBox3D" parent="Unbreakable"]
transform = Transform3D(0.71539, -0.147551, 0.682968, 0.361552, 0.91459, -0.181124, -0.59791, 0.376503, 0.707636, -2.81425, -1.76816, 13.38)
size = Vector3(2, 1, 2)

[node name="player" parent="." node_paths=PackedStringArray("breakable") instance=ExtResource("1_73wpq")]
transform = Transform3D(1, 0, 0, 0, 1, 0, 0, 0, 1, 0, 1, 0)
breakable = NodePath("../Breakable")

[node name="Marble" type="RigidBody3D" parent="."]
transform = Transform3D(1, 0, 0, 0, 1, 0, 0, 0, 1, -3, 5, 2)

[node name="MeshInstance3D" type="MeshInstance3D" parent="Marble"]
mesh = SubResource("SphereMesh_mepwx")

[node name="CollisionShape3D" type="CollisionShape3D" parent="Marble"]
shape = SubResource("SphereShape3D_koq64")

[node name="Marble2" type="RigidBody3D" parent="."]
transform = Transform3D(1, 0, 0, 0, 1, 0, 0, 0, 1, 1, 1.77688, 13.4132)

[node name="MeshInstance3D" type="MeshInstance3D" parent="Marble2"]
mesh = SubResource("SphereMesh_mepwx")

[node name="CollisionShape3D" type="CollisionShape3D" parent="Marble2"]
shape = SubResource("SphereShape3D_koq64")

[node name="switch" parent="." instance=ExtResource("2_ubrp4")]
transform = Transform3D(1, 0, 0, 0, 1, 0, 0, 0, 1, -3.07666, -0.359413, -4.10834)
