[gd_scene load_steps=5 format=3 uid="uid://doboslpiwyr4n"]

[ext_resource type="Material" uid="uid://jl4si673qlox" path="res://materials/white_vraiment_blanc.tres" id="1_gu6h4"]
[ext_resource type="PackedScene" uid="uid://bjqcqg24t4o3" path="res://scenes/fps_player.tscn" id="2_ovw1s"]
[ext_resource type="PackedScene" uid="uid://cd4gqcvmru1dc" path="res://scenes/emancipation_grid.tscn" id="3_mj53v"]

[sub_resource type="Environment" id="Environment_bi4ip"]
background_mode = 1
background_color = Color(0.4896, 0.288, 0.96, 1)
background_energy_multiplier = 0.71
ambient_light_color = Color(1, 1, 1, 1)

[node name="NiveauAmedee" type="Node3D"]

[node name="breakable" type="CSGCombiner3D" parent="."]
material_override = ExtResource("1_gu6h4")
use_collision = true

[node name="CSGBox3D" type="CSGBox3D" parent="breakable"]
transform = Transform3D(1, 0, 0, 0, 1, 0, 0, 0, 1, -0.983887, -0.19458, -1.15811)
size = Vector3(11.5537, 0.61084, 9.69733)

[node name="CSGBox3D2" type="CSGBox3D" parent="breakable"]
transform = Transform3D(1, 0, 0, 0, 1, 0, 0, 0, 1, 0.529142, 4.40904, -7.96481)
size = Vector3(7.81628, 11.2231, 4.19434)

[node name="CSGBox3D3" type="CSGBox3D" parent="breakable"]
transform = Transform3D(0.999961, 0, -0.00886616, -0.00885768, 0.043724, -0.999004, 0.000387664, 0.999044, 0.0437223, 0.179332, 16.8114, -4.01091)
size = Vector3(16.6033, 1.00196, 5.30783)

[node name="CSGBox3D6" type="CSGBox3D" parent="breakable"]
transform = Transform3D(1, 0, 0, 0, 1, 0, 0, 0, 1, -11.0582, 6.94218, 10.3518)
size = Vector3(11.0758, 1.00196, 12.9975)

[node name="CSGBox3D4" type="CSGBox3D" parent="breakable"]
transform = Transform3D(1, 0, 0, 0, 1, 0, 0, 0, 1, 2.09938, 9.32229, -33.7422)
size = Vector3(23.5251, 1, 25.731)

[node name="CSGBox3D15" type="CSGBox3D" parent="breakable"]
transform = Transform3D(1, 0, 0, 0, 0.78443, -0.620217, 0, 0.620217, 0.78443, -6.62391, 41.7585, -48.6179)
size = Vector3(23.5251, 1, 25.731)

[node name="CSGBox3D5" type="CSGBox3D" parent="breakable"]
transform = Transform3D(1, 0, 0, 0, 1, 0, 0, 0, 1, 0.334167, 9.11419, -12.9725)
size = Vector3(10.3177, 1.6073, 5.49622)

[node name="CSGBox3D7" type="CSGBox3D" parent="breakable"]
transform = Transform3D(1, 0, 0, 0, 1, 0, 0, 0, 1, 6.77233, 10.522, -29.5083)
size = Vector3(3.89771, 2.41364, 3.46509)

[node name="CSGBox3D8" type="CSGBox3D" parent="breakable"]
transform = Transform3D(1, 0, 0, 0, 1, 0, 0, 0, 1, 4.72114, 11.1539, -31.8351)
size = Vector3(3.89771, 3.67752, 3.46509)

[node name="CSGBox3D9" type="CSGBox3D" parent="breakable"]
transform = Transform3D(1, 0, 0, 0, 1, 0, 0, 0, 1, -0.450881, 11.6188, -36.7289)
size = Vector3(4.98108, 5.39285, 1.70569)

[node name="CSGBox3D10" type="CSGBox3D" parent="breakable"]
transform = Transform3D(1, 0, 0, 0, -0.462012, -0.886874, 0, 0.886874, -0.462012, -0.992567, 18.2453, -41.2325)
size = Vector3(3.89771, 8.88991, 3.54849)

[node name="CSGBox3D11" type="CSGBox3D" parent="breakable"]
transform = Transform3D(1, 0, 0, 0, -0.0340098, -0.999421, 0, 0.999421, -0.0340098, -0.992567, 20.1272, -48.8476)
size = Vector3(3.89771, 8.88991, 3.54849)

[node name="CSGBox3D12" type="CSGBox3D" parent="breakable"]
transform = Transform3D(1, 0, 0, 0, -0.0340098, -0.999421, 0, 0.999421, -0.0340098, -8.4963, 19.1168, -51.1441)
size = Vector3(3.89771, 1.37214, 5.72416)

[node name="CSGBox3D13" type="CSGBox3D" parent="breakable"]
transform = Transform3D(1, 0, 0, 0, -0.0340098, -0.999421, 0, 0.999421, -0.0340098, -15.7316, 21.5892, -55.8696)
size = Vector3(3.89771, 10.986, 1.10365)

[node name="CSGBox3D16" type="CSGBox3D" parent="breakable"]
transform = Transform3D(1, 0, 0, 0, -0.996112, -0.0880946, 0, 0.0880946, -0.996112, -15.7316, 8.92959, -68.3)
size = Vector3(3.89771, 48.3402, 7.16327)

[node name="CSGBox3D14" type="CSGBox3D" parent="breakable"]
transform = Transform3D(1, 0, 0, 0, -0.0340098, -0.999421, 0, 0.999421, -0.0340098, -7.90944, 16.5525, -73.928)
size = Vector3(3.89771, 5.91348, 1.10365)

[node name="CSGBox3D17" type="CSGBox3D" parent="breakable"]
transform = Transform3D(1, 0, 0, 0, -0.0340098, -0.999421, 0, 0.999421, -0.0340098, 3.09462, 19.5943, -78.3581)
size = Vector3(10.6549, 14.8098, 0.196356)

[node name="CSGBox3D19" type="CSGBox3D" parent="breakable"]
transform = Transform3D(1, 0, 0, 0, -4.37114e-08, -1, 0, 1, -4.37114e-08, 13.3719, -8.27535, -79.6711)
size = Vector3(9.22445, 12.1222, 0.196356)

[node name="CSGBox3D18" type="CSGBox3D" parent="breakable"]
transform = Transform3D(1, 0, 0, 0, -0.0340098, -0.999421, 0, 0.999421, -0.0340098, 13.2878, 10.5834, -78.6648)
size = Vector3(10.6549, 14.8098, 18.2285)

[node name="CSGBox3D20" type="CSGBox3D" parent="breakable"]
transform = Transform3D(1, 0, 0, 0, -0.0340098, -0.999421, 0, 0.999421, -0.0340098, 13.8041, 6.30173, -78.0986)
operation = 2
size = Vector3(7.86356, 10.2313, 6.78845)

[node name="player" parent="." node_paths=PackedStringArray("breakable") instance=ExtResource("2_ovw1s")]
transform = Transform3D(1, 0, 0, 0, 1, 0, 0, 0, 1, 0, 1.3985, 0)
breakable = NodePath("../breakable")

[node name="WorldEnvironment" type="WorldEnvironment" parent="."]
environment = SubResource("Environment_bi4ip")

[node name="DirectionalLight3D" type="DirectionalLight3D" parent="."]
transform = Transform3D(0.986847, 0.048048, -0.15435, 0.0418395, 0.846358, 0.530969, 0.156147, -0.530443, 0.833215, 0, 5.13811, 7.84622)
light_indirect_energy = 0.0
shadow_enabled = true

[node name="EmancipationGrid" parent="." node_paths=PackedStringArray("player") instance=ExtResource("3_mj53v")]
transform = Transform3D(1, 0, 0, 0, 1, 0, 0, 0, 1, 0.645787, 9.94542, -25.4787)
player = NodePath("../player")
refill = 5

[node name="SpotLight3D" type="SpotLight3D" parent="."]
transform = Transform3D(1, 0, 0, 0, 0.987027, 0.160553, 0, -0.160553, 0.987027, -7.86526, 20.1831, -44.898)
light_energy = 16.0
shadow_enabled = true
spot_range = 45.974
spot_attenuation = 0.0473661
spot_angle = 5.79
spot_angle_attenuation = 0.0525561

[node name="EmancipationGrid2" parent="." node_paths=PackedStringArray("player") instance=ExtResource("3_mj53v")]
transform = Transform3D(1, 0, 0, 0, -0.0340098, -0.999421, 0, 0.999421, -0.0340098, 13.0536, 3.88256, -79.2484)
player = NodePath("../player")
